(126, 95)
(126, 103)
(126, 112)
(126, 119)
(126, 129)
(131, 137)
(131, 147)
(135, 155)
(139, 163)
(143, 171)
(147, 179)
(152, 186)
(153, 192)
(157, 198)
(160, 205)
(162, 214)
(166, 222)
(170, 231)
(173, 240)
(176, 249)
(179, 258)
(182, 267)
(185, 276)
(188, 285)
(193, 293)
(193, 303)
(196, 312)
(200, 320)
(204, 329)
(207, 338)
(210, 347)
(213, 356)
(216, 365)
(219, 374)
(224, 380)
(228, 371)
(234, 363)
(240, 355)
(245, 346)
(250, 337)
(256, 330)
(256, 320)
(262, 315)
(262, 306)
(263, 296)
(267, 287)
(272, 278)
(277, 270)
(277, 260)
(282, 252)
(282, 242)
(286, 233)
(291, 226)
(291, 216)
(295, 207)
(300, 201)
(300, 191)
(301, 181)
(302, 171)
(305, 161)
(307, 151)
(310, 141)
(313, 131)
(318, 125)
(318, 115)
(321, 105)
(326, 98)
(316, 98)
(306, 100)
(297, 104)
(287, 107)
(277, 109)
(267, 111)
(257, 113)
(247, 113)
(237, 110)
(227, 106)
(217, 102)
(207, 99)
(197, 99)
(188, 102)
(178, 101)
(168, 103)
(158, 105)
(150, 107)
(140, 103)
(130, 99)
